<< CONSTRUCTOR >>
----- vec0 -----

SIZE = 0
CONTENT =

----- vec1 -----

SIZE = 100
CONTENT = 96 96 96 96 96 96 96 96 96 96 96 96 96 96 96 96 96 96 96 96 96 96 96 96 96 96 96 96 96 96 96 96 96 96 96 96 96 96 96 96 96 96 96 96 96 96 96 96 96 96 96 96 96 96 96 96 96 96 96 96 96 96 96 96 96 96 96 96 96 96 96 96 96 96 96 96 96 96 96 96 96 96 96 96 96 96 96 96 96 96 96 96 96 96 96 96 96 96 96 96

----- vec2 -----

SIZE = 100
CONTENT = 96 96 96 96 96 96 96 96 96 96 96 96 96 96 96 96 96 96 96 96 96 96 96 96 96 96 96 96 96 96 96 96 96 96 96 96 96 96 96 96 96 96 96 96 96 96 96 96 96 96 96 96 96 96 96 96 96 96 96 96 96 96 96 96 96 96 96 96 96 96 96 96 96 96 96 96 96 96 96 96 96 96 96 96 96 96 96 96 96 96 96 96 96 96 96 96 96 96 96 96

----- vec3 -----

SIZE = 100
CONTENT = 96 96 96 96 96 96 96 96 96 96 96 96 96 96 96 96 96 96 96 96 96 96 96 96 96 96 96 96 96 96 96 96 96 96 96 96 96 96 96 96 96 96 96 96 96 96 96 96 96 96 96 96 96 96 96 96 96 96 96 96 96 96 96 96 96 96 96 96 96 96 96 96 96 96 96 96 96 96 96 96 96 96 96 96 96 96 96 96 96 96 96 96 96 96 96 96 96 96 96 96

<< ASSIGNMENT >>
----- vec4 -----

SIZE = 72
CONTENT = 1896 1896 1896 1896 1896 1896 1896 1896 1896 1896 1896 1896 1896 1896 1896 1896 1896 1896 1896 1896 1896 1896 1896 1896 1896 1896 1896 1896 1896 1896 1896 1896 1896 1896 1896 1896 1896 1896 1896 1896 1896 1896 1896 1896 1896 1896 1896 1896 1896 1896 1896 1896 1896 1896 1896 1896 1896 1896 1896 1896 1896 1896 1896 1896 1896 1896 1896 1896 1896 1896 1896 1896

----- vec5 -----

SIZE = 0
CONTENT =

----- vec6 -----

SIZE = 4
CONTENT = 1 1 72 99

----- vec7 -----

SIZE = 72
CONTENT = 1896 1896 1896 1896 1896 1896 1896 1896 1896 1896 1896 1896 1896 1896 1896 1896 1896 1896 1896 1896 1896 1896 1896 1896 1896 1896 1896 1896 1896 1896 1896 1896 1896 1896 1896 1896 1896 1896 1896 1896 1896 1896 1896 1896 1896 1896 1896 1896 1896 1896 1896 1896 1896 1896 1896 1896 1896 1896 1896 1896 1896 1896 1896 1896 1896 1896 1896 1896 1896 1896 1896 1896

<< ASSIGN >>
----- vec8 -----

SIZE = 22
CONTENT = 32 32 32 32 32 32 32 32 32 32 32 32 32 32 32 32 32 32 32 32 32 32

----- vec9 -----

SIZE = 0
CONTENT =

----- vec10 -----

SIZE = 123
CONTENT = 0 1 3 4 6 7 9 10 12 13 15 16 18 19 21 22 24 25 27 28 30 31 33 34 36 37 39 40 42 43 45 46 48 49 51 52 54 55 57 58 60 61 63 64 66 67 69 70 72 73 75 76 78 79 81 82 84 85 87 88 90 91 93 94 96 97 99 100 102 103 105 106 108 109 111 112 114 115 117 118 120 121 123 124 126 127 129 130 132 133 135 136 138 139 141 142 144 145 147 148 150 151 153 154 156 157 159 160 162 163 165 166 168 169 171 172 174 175 177 178 180 181 183

----- vec11 -----

SIZE = 42
CONTENT = 21 21 21 21 21 21 21 21 21 21 21 21 21 21 21 21 21 21 21 21 21 21 21 21 21 21 21 21 21 21 21 21 21 21 21 21 21 21 21 21 21 21

<< AT, [] OVERLOAD, DATA, BACK & FRONT >>
----- vec12 -----

SIZE = 3
CONTENT = 0 31 36

----- vec13 -----

SIZE = 8
CONTENT = 21 21 0 31 36 0 0 61

<< ITERATORS >>
----- vec14 -----

SIZE = 30
CONTENT = 1 4221 12 -96 1337 0 1 0 4221 12 -96 1337 0 1 0 1 0 1337 -96 12 4221 1 4221 0 1337 -96 12 4221 1 4221

<< SIZE, EMPTY, MAX_SIZE, CAPACITY, RESERVE >>
----- vec15 -----

SIZE = 14
CONTENT = 0 321 1 0 -1 -1 0 321 0 96 321 321 321 323

<< CLEAR >>
----- vec16 -----

SIZE = 8
CONTENT = 0 0 3210123 4194304 0 0 0 4194304

<< INSERT SINGLE ELEMENT >>
----- vec17 -----

SIZE = 24
CONTENT = 12345 30 28 27 25 24 22 21 19 18 16 15 13 12 10 12345 9 7 6 4 3 1 0 9696

----- vec18 -----

SIZE = 24
CONTENT = HELLO INSERTED FUN FUN FUN HELLO FUN FUN FUN FUN FUN FUN FUN FUN FUN FUN FUN FUN FUN FUN FUN FUN FUN FUN

<< INSERT FILL >>
----- vec19 -----

SIZE = 18
CONTENT = 96 96 96 96 96 96 96 1896 1896 1896 1896 1896 1896 96 96 96 96 96

----- vec20 -----

SIZE = 15
CONTENT = TOK TOK TIKI TIKI TIKI TIKI TIKI TOK TOK TOK TOK TOK TOK TOK TOK

<< INSERT RANGE >>
----- vec21 -----

SIZE = 15
CONTENT = 5 10 15 20 25 30 35 40 45 50 55 60 65 70 75

----- vec22 -----

SIZE = 15
CONTENT = INSERT INSERT INSERT INSERT INSERT INSERT INSERT INSERT INSERT INSERT INSERT INSERT INSERT INSERT INSERT

<< ERASE SINGLE ELEMENT >>
----- vec23 -----

SIZE = 6
CONTENT = 21 21 0 0 42 42

----- vec24 -----

SIZE = 2
CONTENT = DONT ERASE DONT ERASE

<< ERASE RANGE >>
----- vec25 -----

SIZE = 7
CONTENT = 21 21 0 0 42 42 42

----- vec26 -----

SIZE = 3
CONTENT = DONT ERASE DONT ERASE DONT ERASE

<< POP BACK >>
----- vec27 -----

SIZE = 12
CONTENT = 0 1 2 3 4 5 6 7 8 9 99 10

<< RESIZE >>
----- vec28 -----

SIZE = 12
CONTENT = 1234 2048 42 2048 2342 4096 0 4096 122335 122335 1114 122335

<< SWAP >>
----- vec29 -----

SIZE = 16
CONTENT = 0 -1 -2 -3 -4 -5 -6 -7 -8 -9 -10 -11 -12 -13 -14 -15

----- vec30 -----

SIZE = 16
CONTENT = 0 1 2 3 4 5 6 7 8 9 10 11 12 13 14 15

<< RELATIONAL OPERATORS >>
----- vec31 -----

SIZE = 30
CONTENT = 1 0 0 1 0 1 0 1 0 0 1 1 1 0 0 1 0 1 0 1 0 0 1 1 0 1 1 1 0 0

