<< CONSTRUCTOR >>
----- stack0 -----

SIZE = 4
CONTENT = 0 0 0 0

<< ASSIGNMENT >>
----- stack1 -----

SIZE = 17
CONTENT = 16 15 14 13 12 11 10 9 8 7 6 5 4 3 2 1 0

----- stack2 -----

SIZE = 17
CONTENT = 10 10 9 8 8 7 6 6 5 4 4 3 2 2 1 0 0

----- stack3 -----

SIZE = 17
CONTENT = -48 -45 -42 -39 -36 -33 -30 -27 -24 -21 -18 -15 -12 -9 -6 -3 0

----- stack4 -----

SIZE = 17
CONTENT = 25 24 23 22 21 20 19 18 17 16 15 14 13 12 11 10 9

----- stack5 -----

SIZE = 20
CONTENT = 25 17 -48 17 10 17 16 17 0 0 0 0 25 17 -48 17 10 17 16 17

<< EMPTY, SIZE, TOP, PUSH, POP >>
----- stack6 -----

SIZE = 16
CONTENT = 15 14 13 12 11 10 9 8 7 6 5 4 3 2 1 0

----- stack7 -----

SIZE = 16
CONTENT = 10 9 8 8 7 6 6 5 4 4 3 2 2 1 0 0

----- stack8 -----

SIZE = 1
CONTENT = 0

----- stack9 -----

SIZE = 0
CONTENT =

----- stack10 -----

SIZE = 374
CONTENT = 1 0 0 0 0 0 1 1 16 16 9 0 10 15 0 0 0 0 2 2 16 16 10 -3 10 15 0 0 0 0 3 3 16 16 11 -6 10 15 0 0 0 0 4 4 16 16 12 -9 10 15 0 0 0 0 5 5 16 16 13 -12 10 15 0 0 0 0 6 6 16 16 14 -15 10 15 0 0 0 0 7 7 16 16 15 -18 10 15 0 0 0 0 8 8 16 16 16 -21 10 15 0 0 0 0 9 9 16 16 17 -24 10 15 0 0 0 0 10 10 16 16 18 -27 10 15 0 0 0 0 11 11 16 16 19 -30 10 15 0 0 0 0 12 12 16 16 20 -33 10 15 0 0 0 0 13 13 16 16 21 -36 10 15 0 0 0 0 14 14 16 16 22 -39 10 15 0 0 0 0 15 15 16 16 23 -42 10 15 24 -45 10 15 15 15 15 15 0 0 0 0 23 -42 9 14 14 14 14 14 0 0 0 0 22 -39 8 13 13 13 13 13 0 0 0 0 21 -36 8 12 12 12 12 12 0 0 0 0 20 -33 7 11 11 11 11 11 0 0 0 0 19 -30 6 10 10 10 10 10 0 0 0 0 18 -27 6 9 9 9 9 9 0 0 0 0 17 -24 5 8 8 8 8 8 0 0 0 0 16 -21 4 7 7 7 7 7 0 0 0 0 15 -18 4 6 6 6 6 6 0 0 0 0 14 -15 3 5 5 5 5 5 0 0 0 0 13 -12 2 4 4 4 4 4 0 0 0 0 12 -9 2 3 3 3 3 3 0 0 0 0 11 -6 1 2 2 2 2 2 0 0 0 0 10 -3 0 1 1 1 1 1 0 0 0 0 9 0 0 0 0 0 0 0 1 1 1 1

<< RELATIONAL OPERATORS >>
----- stack11 -----

SIZE = 96
CONTENT = 0 0 1 1 1 0 0 0 1 1 1 0 0 0 1 1 1 0 0 0 1 1 1 0 1 0 1 0 0 1 1 0 1 0 0 1 1 0 1 0 0 1 1 0 1 0 0 1 1 1 0 0 1 0 1 1 0 0 1 0 1 1 0 0 1 0 1 1 0 0 1 0 1 0 1 0 0 1 1 0 1 0 0 1 1 0 1 0 0 1 1 0 1 0 0 1

